1024
  10.6647710443   10.6647710443   10.6647710443
0 0    8.2178960205   10.5249543408    6.1368599349
1 0    8.5861273590    8.5798097995    2.8008627718
2 0    7.7465815263    1.5027107067    3.1934834752
3 0    2.9379836920    6.0528171094   10.4426001919
4 0    9.4937371338    9.7782586007    4.2433076487
5 0    0.5593460183    4.2158114751    7.3905354136
6 0    5.7082007917    4.0882880734    0.5054498864
7 0    2.6975904596    4.8547199101    1.0248302979
8 0    2.1591272015    8.8307360352    0.4868915196
9 0   10.2713693267    7.7771734447    9.7183531482
10 0    2.3330069158    7.2063906016    8.6197774561
11 0    3.1120237041    2.2646608421    4.4892028824
12 0    5.4627231540    0.6679411845    5.7844419970
13 0    8.4158374790    8.6065246643    9.8727526816
14 0    9.7732099508    4.0425780477    0.6524896400
15 0    3.4886922366    3.6249162048   10.5811856832
16 0    6.4669366316   10.5771060189   10.5094469654
17 0    3.7438114125    8.8388341639    2.5688959296
18 0    5.1911341589    0.2956286688    4.7532940192
19 0    4.0378163097    5.8810255105    8.1904576358
20 0    9.7917332068    8.4197270157    8.2766553016
21 0    0.4552578067    1.8940066068    6.1636522862
22 0    0.4461989231    7.9237722522    1.7368214149
23 0    2.5013884015    9.5557469767    9.2560147783
24 0    1.3595488029    0.1752357988    5.4752955410
25 0    6.7667881499    5.5442158720    5.0714012983
26 0    5.1893733098    1.1106552667    1.0773395035
27 0    2.2024914175    1.3544378558    2.3698357755
28 0    7.0217989195    3.3217210260    6.1654700701
29 0    2.3401086218    9.0508633782    4.7587492101
30 0    9.0454901405   10.3153668595    1.4576323291
31 0    4.2873965081    4.1863278943    6.3314879710
32 0    6.5445325826    6.9324897866    3.4493408488
33 0    9.8106074920    0.9968772460    8.2001128900
34 0   10.2428341156    4.6804881289    9.7621110991
35 0    5.3218006104    4.3140004022    7.9149353446
36 0    5.8925896359    8.5224554513    1.4056774467
37 0    8.5185696817    9.7574234425    0.6282777635
38 0    6.6069851050    4.4082886878    8.5336538219
39 0    6.5384897333    1.7247021798    4.7232321620
40 0    4.5266249482    5.0866130800    8.3660044076
41 0    8.8306740477    9.1553217807    4.7876170708
42 0    1.3364198519    0.9827533733    9.2872134663
43 0    8.2960262320    1.7283113984    7.3089032544
44 0    5.2760912948    2.3059104055    3.9521652872
45 0   10.5668260131    4.5742289159    8.8227621175
46 0    6.4114933403    6.1604007807    7.2982710704
47 0    8.5217033020    1.1532086591    9.6604458768
48 0    5.8660287467    6.6878088520    2.6147844983
49 0    1.5016153424    9.3032483048    1.2448255901
50 0    8.7561149978    2.7778948276    0.9278189465
51 0    8.8346348716    7.1906042263    3.1226447064
52 0    7.3656651023    5.3905683482    2.8428411044
53 0    6.0736527530    1.3186578729    6.4676762754
54 0    1.2126109726    1.2899132765    5.3186965009
55 0    0.5208089400    0.2082465581    3.7943089728
56 0    6.3290162486    3.1265361306    6.8254135915
57 0    3.1001655360    8.9158039073    8.5768042415
58 0    6.0494552575    4.1903748172    2.0110582122
59 0    0.4094551430    2.0519601796    2.6343531125
60 0    9.2343372472   10.3221889063    2.5416981881
61 0    6.0404012923    2.2087156933   10.4643906150
62 0    8.0201981284    7.2260889279    0.5262453146
63 0    5.0005175659    4.9810075110    7.1472700184
64 0    1.7813626568    2.1653782603    7.9252304723
65 0    2.3396696466    8.0041406444    5.6651383910
66 0    6.9812496861    5.5226623647    0.4880108066
67 0    1.2044769880    8.2253356854    1.1048421366
68 0    4.5769804995    5.6223308223    9.3029144933
69 0    0.3730600526   10.2025976310    4.5309638980
70 0   10.1159611891    3.6922075040    4.5604202109
71 0    3.2778359807    8.3054265489    4.8430475432
72 0    2.5633159501   10.1601909141    4.2992080916
73 0    7.9673050987    2.4410361875    2.9626084345
74 0    4.6484341024    2.2977790861    6.0634821343
75 0    2.3806745740    0.7730136968    3.4399770119
76 0    9.2165016631    1.5381828492   10.6048185549
77 0    8.9902775146    5.5111326540    6.8984368297
78 0    6.9300919291    0.8372569503    8.2841006719
79 0    3.7551080505    6.4519701582    7.0846843114
80 0    8.3428735789    5.4774142582    2.6673376454
81 0    1.4318515083    7.6980102848    6.0018252113
82 0    4.5216732643    3.3879064796    6.9499476861
83 0    7.6291783871    0.9380557281    0.4580221587
84 0    3.5463067339   10.3618433512    2.3518044393
85 0    7.7305387462    2.3837143051    5.5121530962
86 0    7.1957700626   10.2525411926    6.5186079295
87 0    5.6759223771    7.6792024559    1.9833400371
88 0    9.4781632024    3.8468096223   10.2035239992
89 0    3.4715939097    4.2200137191    3.1447978931
90 0    0.2747192424    8.4820415471    7.7752063676
91 0    6.4223526209    7.8295322212    6.2980384912
92 0    5.1908983253    9.1737369127    6.3756821188
93 0    3.0757352547    0.6612244141    6.0120492806
94 0    4.4213937171    5.2142758350    3.9528440683
95 0    9.6413362777    7.3928731503    8.4470428909
96 0    1.5567048271   10.4722944684    4.4040403066
97 0    7.4156563844   10.5572605224    4.9909674947
98 0    8.8906304605    6.6028812633    5.4501944785
99 0    3.5783279644    6.9095078253    1.9291359444
100 0    1.4308867781    2.1983134245    2.5804076406
101 0    2.0838332819    5.3971144735    1.8800467220
102 0    4.3339710634    7.8801669517    4.7590611218
103 0    7.7066463687    4.5993354260    0.6568175796
104 0    3.8312201526    2.6899899148    2.9156807250
105 0    2.4972324731    0.9504538983   10.0028530276
106 0    1.7828710658    0.8439795101    8.1318390389
107 0    6.9096498980    3.5376566049    4.9820609499
108 0    8.2830873956    1.0680976076    4.4915691652
109 0    7.4445970249    9.5569069668    0.5949299938
110 0    4.5790872034    7.4654360811   10.4662914171
111 0    7.1067522912    3.8408707527    7.2921371879
112 0    5.8986138147    5.2449897830    0.7341516730
113 0    8.3883807994    1.3332281863    8.6058944130
114 0    0.6060698867    3.8155739654    8.6041202660
115 0    0.4110254497    0.9285639371    8.8250637813
116 0    1.1619186504    9.3613756197    4.6291723430
117 0    0.8429087081    3.1736039870    9.5201562537
118 0    4.4420365753    8.2481770424    0.4719214169
119 0    0.0460016896   10.3503635190    0.8637793157
120 0    3.9594174157    9.7292154306    7.2422498317
121 0    1.1617075059    3.6011204551    1.5212504348
122 0    5.3338240007    1.6504803752    7.7509388966
123 0    4.1471998414   10.6087742827    3.1573991696
124 0    8.7118975966    7.9078626903    0.1201755319
125 0   10.1807180022    1.5627052014    6.5227080968
126 0    8.6724149891    0.6259361834    2.0714203840
127 0    7.0819363401    4.9473236926    9.2901744788
128 0    5.1932616790    4.2898038299   10.3584053676
129 0    4.0497469745    8.5868114278    4.0229635447
130 0    8.5945352308    1.8027511392    0.6730106074
131 0    9.7425336334    2.4999930392    6.0609220134
132 0    0.3139484411    8.6439153733    0.9683458882
133 0    4.9858795382   10.4040253823    5.9987047520
134 0    0.2686540808    2.0270343708    9.7308732860
135 0    6.3841736685    9.7345503204    9.3556968995
136 0    9.7884854638    5.8518234039    5.7689060857
137 0    2.8836823894    5.3437858197    3.1917864526
138 0    2.7890152005    9.8485295705    8.2115745100
139 0    8.0230785708    9.5059490753    6.9370002645
140 0    3.2870223317    0.4047023720    4.1571095772
141 0    7.2379142732    5.7720792307    1.6525000477
142 0    8.3067585731   10.1130725884    5.1545176489
143 0    3.9855664918    6.1195698550    4.0204822364
144 0    9.9087305910    7.5817810895    0.5949593090
145 0    8.2350493818    7.2060441301   10.1951396482
146 0    3.5792424198    5.3742013428   10.0162227401
147 0    7.6839328124    3.3386526240    9.5271533105
148 0    3.0537363096    3.7937822630    7.9672860893
149 0    7.0231456209    7.5033403286    8.2930520851
150 0    9.0171559444    9.9485120729    7.5299602295
151 0    3.8992028294    9.6071733886    0.5612162850
152 0    2.3347869972    9.9125187456    2.1724186288
153 0    9.4230188050    1.8681988259    1.9228783490
154 0    0.0745967833    8.7888866291    3.1163655321
155 0    0.3134191779    2.9886490529    7.7694119533
156 0    8.4148850243    7.3091997526    4.2738209546
157 0    6.4041323687    4.7051382643    7.5903270789
158 0   10.4708235617    6.0286482742    0.7239775699
159 0    0.7543138152    6.3995629941    0.4590675523
160 0    1.0547446577    7.0438780801    8.3665467752
161 0    8.9437329813    9.4023416319    2.0485080444
162 0   10.3603539205    1.3550328437    1.2032326467
163 0    4.2478054641    0.4682014567    8.5614009299
164 0    6.5613660732    0.5697470091    1.7855732996
165 0    1.5404808308    1.8596327633    4.3063912841
166 0   10.4636966521    3.2940682687   -0.0163991045
167 0    9.7228391687    5.3728560142    3.8761606642
168 0    6.1503821311   10.0704570435    3.8016438903
169 0    9.9979354106    5.8986442745    7.4206883784
170 0    1.2982302918    6.9581741651    3.3852868820
171 0    1.6160307259   10.0540714233    9.2314489951
172 0    6.3820433758    8.5139182593    7.0171281239
173 0    8.0079327600    6.1901655405    4.5498223869
174 0    4.3868640573    7.5567799838    5.7664825207
175 0   10.5144084428    2.6920229811    5.2216703332
176 0    9.9597192105    5.6868137166    9.8420695498
177 0    6.9128471752    3.9702861673    9.4631157155
178 0    3.4622018497    7.8250513596    0.3059171829
179 0    5.0501992948    3.2047935175    7.9694333604
180 0    7.2702654426    4.3055908446    6.3434558384
181 0    4.9018145618    3.1497741178    2.7769220654
182 0    5.4572013417    6.7933466983    3.6865896064
183 0    3.7189332662    2.6914022375    1.8091629807
184 0    5.1125925019    8.7372233586    4.5742024422
185 0    4.4213901687    0.1094059298    9.7384720031
186 0    1.8468273364    3.0762203685    1.8736838923
187 0    5.3740180880    7.9827090744    0.0376644084
188 0    1.9058022762    5.1183747224    3.8644005525
189 0    2.0567259719    9.1083350153    3.5430528871
190 0    5.9110143680    9.9124296864    0.7875873554
191 0    4.4206938598    7.3421232764    7.0831762131
192 0    7.3743467770    4.5606813291    3.8339539485
193 0    5.6448809856    1.4489652632    3.6279489577
194 0    8.7338765816    0.8300524563    3.5205571288
195 0   10.3142277886    6.6162922614    6.5866452572
196 0    7.4130928402    6.5871530797   10.7481647469
197 0    4.0778727878    2.9577816968    0.6811722139
198 0    4.5670265150    2.3678156004    7.1638217713
199 0    3.5584128244    1.4119892800    4.7562273692
200 0    2.8221198276    5.1113348985    4.2279504349
201 0    1.0212237283    3.6957654624    0.1351354620
202 0    5.1054107882    4.0028580875    2.3417699196
203 0    5.9164375248    6.3560423780    9.6842675693
204 0    5.8115679606    6.6967197475    1.0027182038
205 0    7.3774325261    5.5926173393   10.1568864479
206 0    7.7987824275    4.5190060974    2.7639898898
207 0    8.0274594722   10.6468402365    1.6083787293
208 0    0.2485108945    6.7314658120    3.4173208486
209 0    5.8307868091    6.7718983078    4.7109017080
210 0    7.8717080505   10.6043708127    8.3074734961
211 0    2.1023653586    2.0274926042   10.3304123609
212 0    2.8279245006   10.5923604767   10.2287472032
213 0    3.6014918575    1.0098639696    7.9952892653
214 0    3.3733359971    2.0860688725    8.4451535654
215 0    7.8979245905    8.6096350835    0.2644012903
216 0    9.1558897751    7.9215084399    7.5270096582
217 0    9.3924809824    0.3579205667    9.9353212940
218 0    4.3704146793    1.2970748398    5.5371905677
219 0    6.6564215955    1.2449197946    9.3043433583
220 0    3.7058572918    4.6806928502    1.7466290585
221 0   10.2238192163   10.3155897094    6.3674126141
222 0    6.8645723951    9.4137940266    8.3831501558
223 0    3.4838960282    5.2134551423    6.6838697743
224 0    9.4427382778    8.4015278859    9.8002370071
225 0    7.2582843880    7.7559852209    6.8813540931
226 0    5.2464456794    7.3252559567    7.8252158747
227 0    3.3569855156    9.3118190123    9.7284594663
228 0    5.3033624629    5.8128811044   10.6262830797
229 0    8.7172335415    8.7381675694    0.9847526113
230 0    1.0487549904    2.5692369055    1.5916500763
231 0    1.8556888753   10.0447032724    0.6464600580
232 0    1.9423076755    7.0941669623    6.7741486866
233 0    6.3161101203    5.0890817187    3.4555382903
234 0    9.7481203911    6.3075964233    0.0948368811
235 0    4.8108988641   10.6810729592    2.1773603971
236 0    9.9582741700    7.5810937749    1.6889991441
237 0    5.6808050480    8.0224895785    3.0036718652
238 0    4.8915100160    9.0895582374    0.9720329384
239 0    7.1573863493   10.0120377217    4.1257564977
240 0    5.5731985859    2.0815009717    2.8359571451
241 0    3.0195287602   10.6605906824    3.2176485233
242 0    1.0151221941   10.3552511635    1.1844218891
243 0    5.6753013802    0.0782982980    1.5687988838
244 0    0.1415311124   10.5946883101    9.5329311627
245 0    7.0152971972    6.9082964415    6.3244895929
246 0    7.4645082244    5.6584197247    7.4248407933
247 0    1.9721203743    9.1993553943    8.4838917773
248 0    8.3948927391    2.3491617361    4.7915573823
249 0    9.0954593660    2.9892670320    3.1218340048
250 0    8.0814022164    3.4829412228    7.5208855603
251 0    2.6745593248    7.9867021919    6.7938457363
252 0   10.1919012777    1.3610405134   10.2563732225
253 0    2.8951369069    3.3116797857    6.9630587628
254 0    2.2405000267    8.1411729172    4.0455876898
255 0   10.0653368662    2.3885952869   10.0220976897
256 0    2.9974886194    9.8273409892    6.4331617240
257 0    1.3404674202    0.1755876227   10.0435788252
258 0    0.5991818745    0.3444632032    2.3443062117
259 0    8.2384291118    8.2087122004    6.7268492607
260 0    1.1298085326   10.2793963424    6.3816022965
261 0    5.4833755412    6.8264117723   -0.0714566602
262 0    3.1331845743    8.6421696004    3.3155495141
263 0    9.9953009154    9.1627578675    6.3801301136
264 0    5.4845779357    4.3386953837    3.3239637590
265 0   10.3907014660    4.7960482564    4.5186354871
266 0    4.3615437907    7.1092310166    0.7775320619
267 0   10.2921207181    9.2597546568    5.4654326741
268 0    8.5797709281    1.8545343371    3.8273993407
269 0    1.3809477183    6.0489231325    9.0037074161
270 0    3.6591172898    4.6987131201    0.2748965498
271 0    2.2273475607    7.2190586897    3.6980929336
272 0    0.1684908745    8.5629027408    4.8048084201
273 0    8.7633631233    2.5862024247    5.6910239212
274 0    9.5472421035    9.1450962099    3.1902543372
275 0    9.6770058745    1.1606791122    3.5494827841
276 0    5.7024126070    7.3021484883    5.7026783943
277 0    7.8217140939    6.6673362923    1.5858789226
278 0    5.6086959574   -0.0293222480    9.7720611280
279 0    0.9359872681    2.2466447867    7.1031454715
280 0    0.8608156754    5.1102057537    2.7565369069
281 0    8.9488085272    9.7501586333    6.3640039999
282 0    8.6321870271    3.5178936603    0.2439884734
283 0    8.2370192325    2.2756026201    9.4883826224
284 0    9.6013343558   10.4626729964    0.6308217639
285 0    1.0880393340    2.3342575549    5.0934898287
286 0    8.9353042679    7.3606383895    1.0945776531
287 0    1.8769072545    2.9408833160    3.3619788565
288 0    5.7112987367    0.4703532013    3.9197076207
289 0    9.4906700614    2.4068275777    3.8419787365
290 0    3.0842134783    9.2971215733    1.9643812695
291 0    7.9327846014    5.5784798036    8.4505437130
292 0    9.1538332515    6.4725213284    8.0603543504
293 0    8.9683343687    5.6842483979    8.7537025430
294 0    1.8845570982    6.5752114537    7.8775600964
295 0    7.4244250371    6.5623476339    8.4281453153
296 0    1.2807615466    4.6845865392    4.8556212166
297 0    3.0062720027    5.5553160038    1.9576897967
298 0    0.7710437369    3.1417619798    6.1273641576
299 0    1.6200364175    5.5945759282    0.9309043970
300 0    0.9310605168    4.8501312298    8.7123119628
301 0    4.4840240600    2.0392453870    3.2825986763
302 0    5.0086281572    0.6320705273    3.1826529291
303 0    0.4435626457    0.5489787465    1.2361216065
304 0    0.7035660985    9.6854230573    9.6203555136
305 0    4.2796156042    3.9904375507    7.7769713931
306 0    1.4490541220    8.8221092767    7.7969731616
307 0    4.3329480755    8.9901107495    5.2774224575
308 0    9.0640969119    8.8012822525    6.7215336267
309 0    0.0656456606    5.3221797392    7.9905672854
310 0    7.3449413057    9.2387992643    9.8781758896
311 0    8.1351512086    3.5291755514    2.0749998175
312 0    5.4809895911    4.9358864764    4.1837487914
313 0    1.9615216288    6.4530741377    0.0106746294
314 0    1.4305836191    4.5866922982    0.5800087857
315 0    0.1680744858    4.4239223101    0.1810182024
316 0    7.3190453014    3.3262744508    3.9914803937
317 0    4.7903617565    3.4065074614    1.4485103001
318 0    7.3733303226    6.3981790002    5.4706917928
319 0    8.1259398823    7.9107394493    1.3772017637
320 0    1.0714258198    7.9640244553    2.8775505826
321 0    7.9256027715    1.3059400191    5.5349216732
322 0    9.1099648130    6.2975330164    9.7520924640
323 0    3.1463808989    6.7058989576    3.8426822327
324 0    5.6507917203    5.0542290559    2.5188939842
325 0    8.8822266921    8.3132398911    3.7525862828
326 0    8.5089054416    9.7279074206    3.0146805520
327 0    6.5252205849    2.2259149017    3.8211169177
328 0    5.1684412159    3.2911691035    9.5464386142
329 0    1.7130076472    1.3976089857    7.0724724307
330 0    1.6855641239    5.7850087650    9.9606416928
331 0    7.5874752492    8.1188203310   10.1716281236
332 0    2.3711638467    7.0166759154    1.7738797571
333 0    4.7397707425    3.0649049962    4.3736354000
334 0    4.5903901870    5.3991052389    2.3108816288
335 0    1.2446669453    3.3904695920    7.3836376243
336 0    3.1373710927    7.8435249904    1.5144243761
337 0    0.4551669803    5.8577001519    5.9567061585
338 0    5.7453149805   10.6043797203    2.9583149261
339 0    2.0312909301    9.9930142951   10.2321478828
340 0    3.2316631626    9.5109420931    3.9865648096
341 0    1.4522717413    7.3217561910   10.4543569842
342 0   10.0264286996    4.6411171409    7.9147542435
343 0    4.9389070522    9.9943400226    3.5122159206
344 0    5.5185034491    5.9672390449    6.5346281775
345 0    0.5701146132    7.1681745993    4.2359417781
346 0    7.7171960766    8.9031006751    8.9554092455
347 0    5.9842987923    4.3933322550    9.3429816612
348 0    7.2120694832    0.9458342420    4.8040944563
349 0    6.2999220130    7.5038781855    7.5118373246
350 0    2.6306139277    4.0724209840   10.2766310511
351 0    6.7261342064    2.7288708057    1.0529068626
352 0    7.5344413210    9.8927301150    3.1702123749
353 0    6.7792436010    3.0906532561    8.5814366536
354 0    0.5798496805    8.5192399121    9.7094460935
355 0    9.4571164639    5.5515806348    0.8814838335
356 0    5.7338088388    5.4856466519    5.0797058541
357 0    1.8503666482    3.6602925451    9.5145762218
358 0    8.7141107326    6.0047272666    1.5779643169
359 0    1.6343194295    3.5575449660    5.3297376792
360 0    9.0723229440    2.8149087150    9.6810308206
361 0    1.6913082059    4.6544583282    9.8862399880
362 0    3.9981094243    1.2636321016    3.7731134542
363 0    1.0368685898    7.9022109956    4.9436440423
364 0    2.6604197012    2.5195796976    1.5749294246
365 0    1.5415613738    5.8347959777    4.6306606013
366 0    8.7885823004    5.6952858158   10.3932491388
367 0    5.4539763558    0.8244252491    2.2617169000
368 0    3.9507673826    3.4191165562    8.5717114681
369 0    6.8823002166    5.6015860613    6.4388144060
370 0    0.1199218659    5.1612898168    2.0963590930
371 0    7.5520921403    3.9023270937    8.2351889185
372 0    0.4881544527   10.3789284627   10.4152973068
373 0    2.1275520468   10.6268517175    6.2734044609
374 0    4.0802992093    2.1701249098    9.6872943308
375 0    8.4857325824    4.5519104970    3.6292752204
376 0    6.6839501374    4.4527507499   10.4041638460
377 0    9.5099596926   10.0124896754    5.3456435093
378 0    9.8245105949    8.4575523560    1.1540143346
379 0    1.3453116368    1.0070781414    1.0798114346
380 0   10.6163354528    2.5803960398    6.8541237207
381 0    0.1407039598    6.2395108354    2.4743217707
382 0    9.1298229101    0.7505266564    8.9517478009
383 0    9.0701875945   10.4635510058    3.5419597457
384 0    1.4936930018    1.1280458107    0.0272532364
385 0    1.3294882245    6.9118703231    4.8861624730
386 0    1.0129116081    9.5149296392    3.6408992817
387 0    7.5417290619    2.0001467287    1.2331108627
388 0    6.7067758359    2.7836699794    9.7823518376
389 0    4.3229028170    6.3946185632   10.6119700125
390 0    2.3247457463    4.0411599338    0.6620956648
391 0    6.7694689479    0.4639813719    0.7551706277
392 0    1.9539682315    3.0203280426   10.2081161564
393 0    8.0352072607    6.0055944179    3.5085614440
394 0    8.4961775459    4.5169034535    7.8091885335
395 0    3.5963616217    5.9193243606    2.6612469922
396 0    4.1215168929    7.7800651199    7.9731298934
397 0    5.2351656250    9.0580000805    8.8694154902
398 0    2.4608730118    0.3397733986    7.2107390598
399 0    5.2402813743    4.0181585477    6.8135603246
400 0    6.1913553634    7.2208734169    9.1848460296
401 0    4.4446961021    9.9790620429    5.1999841887
402 0    2.7078032110    5.9911404644    7.5660648353
403 0    4.2340273313    6.0076051106    5.4601026371
404 0    3.9204658252   10.1369313766    8.1349199503
405 0    2.1601223603    3.2033571725    7.8010039807
406 0    6.7867047511    5.5215518457    8.3724490165
407 0    0.6655936931    1.3802167249    3.8350520809
408 0    4.8439226795    6.2763562268    2.6741123640
409 0    7.9469717612    6.5769734919    2.6263425559
410 0    9.1381832174    0.1267386882    8.2383411325
411 0    8.7808446073    6.5725836694    0.5679259757
412 0    9.7388656694    7.1429813457    7.3490729075
413 0    6.9078279811    7.9101493175    1.6769402487
414 0    3.8463577868    4.4912435973    8.7741897102
415 0   10.0947076842    2.4191474773    7.9458318690
416 0    4.6911928870    9.2653190698    9.8511531317
417 0    0.0657455160    9.3015056990    4.0624268148
418 0    2.8936922159    3.4244060245    3.2688197736
419 0    4.5008391874    0.6830911524    6.2990413194
420 0    9.1175590964    4.6678026397    8.6816036083
421 0    0.7287779580    4.1762901795    9.5537704787
422 0    5.6938615505    2.7122957740    0.6789742585
423 0    6.5178226096    4.2741019763    2.8749351190
424 0    6.6728888137    9.2984834244    2.8334054111
425 0    2.7921343375    4.5699540244    2.2308635503
426 0    8.8919085481    4.0719044620    2.6011273084
427 0    0.1325023732    5.7343704021   10.5277855232
428 0    5.1602748639    7.2974172983    8.8762856343
429 0    2.5894625238    6.1795176397    5.1435284449
430 0    0.8543547511    1.1440213775    7.6283936801
431 0    3.8914392087    3.1940458853    9.6038326684
432 0    1.9080141766    7.2121364913    2.6228475134
433 0    7.5148584551    6.8797028972    3.8693805403
434 0    6.3321870413    5.4187348910   10.2746990123
435 0    1.7336352619    3.9768469546    8.4946733838
436 0    1.1734031821    1.3228035051    2.8254585702
437 0    3.1382711130    4.5554402132    5.0497016411
438 0    1.1196330865    3.2839845209    2.6493596150
439 0    6.8370016106    8.7328948916    0.6775371811
440 0    5.4574857948    5.7962097560    3.2605536249
441 0    1.8265767295    1.8790668540    1.6102651682
442 0    0.2051510027    8.6344520445    6.7010338049
443 0    7.8695389848    8.3664157449    8.1460486571
444 0    7.9580054691   10.4797737788    7.3101970644
445 0    3.9452758062    9.5887935843    3.2561039127
446 0    1.8446831842    3.2146106790    0.7464517559
447 0    8.6823820037    1.8810615595    6.3753931563
448 0    9.3930206725    4.9365863332    6.0718902314
449 0   10.3764152666    0.0801269500    8.3266443960
450 0    1.9510603661    8.1793090883    3.1056397711
451 0    9.4690165195    0.6013236987    2.7680260662
452 0    5.9298401945    5.0386777317    6.7054073076
453 0    3.9117108939    8.5467733650   10.1247339701
454 0    8.3950233165   10.6590516633    9.1660296753
455 0    0.1648737076    7.9822650056    3.8957318471
456 0    6.8284511377    1.2349330516    3.8156549969
457 0    7.6390123474    4.4237641419   10.3277970546
458 0    9.2623923517    4.5333869044    7.1045014250
459 0    8.9396994540    6.5908713953    6.9042996652
460 0    7.5833904807    3.3606479747    1.0868238876
461 0    2.3653493850    7.2702352359    4.7886981393
462 0    4.8526935261    6.6552606343    9.6463280704
463 0    8.2358265116    6.3360729537    7.7487155971
464 0    7.6609910178    8.9557652053    2.6137115537
465 0   10.1241119247    0.3169097440    3.6448897284
466 0    4.0386014732    9.3026624699    6.2400525420
467 0    9.2991485538    5.0263574306    2.9719758671
468 0    8.4925138368    6.6446578856    8.7946409480
469 0    5.5895558298    1.8384008554    1.6680382754
470 0    7.9805175736    9.5737436998    1.8918316727
471 0    2.3301853949    1.1201762282    9.0350430916
472 0    6.8883718175   10.5090687832    8.5210322792
473 0    4.0807257324    2.0245148885    0.1501647843
474 0    7.0537722756    5.6397564952    4.1306339795
475 0   10.1327036024    6.0016832619    1.7186265651
476 0    5.9788574781    5.8647013790    1.6404349328
477 0    5.9694092859    8.3435357604    8.7229600108
478 0    0.6608415386   10.0351197912    5.4628913806
479 0    9.8173458211    6.3652663024    8.8037050557
480 0    4.9395994042    1.2060422605    4.2501737457
481 0    3.1103201432    0.9775999957    0.3870871292
482 0    5.6505926852    0.2593142317    0.5122797738
483 0    1.4818131324    5.8803100227    5.5844953581
484 0    2.8138495469    4.6068877688    7.3730977412
485 0    6.7762528639    2.3357496957    6.3839014988
486 0    6.4988798829    3.9911414124    3.8607019250
487 0    4.9471057972    6.1085194230    0.8832416503
488 0    6.8639808521    6.6549846200    4.5499983861
489 0    4.8280187597    2.1016248686    1.0389912886
490 0    1.4115346162    9.5675232775    7.0493589455
491 0    8.9278310997    8.7517073607    8.8948370550
492 0    6.4456924016    4.7845517647    5.7429762060
493 0    0.5024049539    0.7485973941    9.8046858402
494 0    2.0247964680    1.7651683423    3.4418871391
495 0    6.8923149133    0.1252976293    9.4958184446
496 0   10.3131373305    6.7794957603    9.9361653482
497 0    7.8463890313    2.8852885318    8.5896320612
498 0    3.5761583039    4.1073221748    7.0529723638
499 0    5.1537005079    8.1424999257    9.5663819501
500 0    0.4574823137    4.9082778867    6.3504418183
501 0    6.6702342759    3.3610420788    0.2844831386
502 0   10.4709304742    7.6105482693    4.9182659290
503 0    3.8567901969    3.9422616215    1.0009297152
504 0    0.3123322780    7.2599681943   10.5003443525
505 0    1.7768339683    9.1612511341    9.8734214216
506 0    3.7218526137    8.7539937953    7.3506308469
507 0    9.5092650084    3.5426693473    1.5780609491
508 0    3.3479453969    1.0642133250    9.0000123383
509 0    6.0499222123    3.0058992531    4.5931734973
510 0    1.8945463487    9.9489136763    5.4696718242
511 0    8.9989344945    5.5914981343    5.0021979206
512 0    8.1921435577    3.8981699898    4.8029959276
513 0    3.4754509846    6.1202835245    6.1077483062
514 0    1.5916562916    8.7255304249    5.3090323667
515 0    0.9606833099    2.5594184063    3.6158519339
516 0    9.4734749644    2.4320170778    7.0057918959
517 0   -0.0075539578    7.8594518969    2.6964389619
518 0    2.4395326606    1.3320364767    4.4684350367
519 0    0.2956214032    0.3577703554    6.5781159829
520 0    1.0060435050    6.7520517347    5.9671913367
521 0    2.8405744283    2.1860931914    7.5643986296
522 0   10.0048560656    3.2560916890    3.2900708308
523 0    7.2809732239    7.8730172748    4.2738315776
524 0    6.7459817141    2.4993387332    5.2483372103
525 0    2.5713900733    4.3943008220    3.3203627683
526 0    2.5292816886    6.3214380539    6.5874611327
527 0    0.7053550703    1.2387199098    1.8995472158
528 0    0.6179299045    6.0478543403    4.1565548348
529 0    7.4252137067    4.4213582383    5.3176940695
530 0    3.3293989670    6.9693668313    8.7489753269
531 0    3.0323343427    1.4506686213    1.8132547026
532 0    1.4182838762    2.8634129952    8.5183511672
533 0    1.2928736767    9.3429690857    0.0829663959
534 0    5.2540410078    7.7831724354    4.8951142428
535 0    7.0646483857    7.5394944721    0.2092167492
536 0    2.6454541825    5.4824896484    5.9649070332
537 0    7.8556537667    6.1924049958    6.5982309763
538 0    8.7920614149    4.8930129687    2.0021841078
539 0    2.8981912661    7.0111891318    7.6350794835
540 0    3.9980660378    7.2562680909    3.9638658460
541 0    7.9888387257    5.0093093794    4.6010136396
542 0    5.4405225180    9.8943120507    6.9526789012
543 0    8.2504678392    9.4065356935   10.4801665474
544 0    6.2811593117    6.3268964523    5.7238928752
545 0    4.5688182823    1.3469694463    2.3139017421
546 0    2.2491836146    6.2784546116    3.9431441063
547 0   10.5416847116    4.1572776256    1.3651512228
548 0    2.0534261938    7.8206055023    7.6733473037
549 0    7.6416828064    3.4407089289   10.6076848677
550 0    7.1464025754    3.7661558220    2.1912710492
551 0    2.7679059743    4.4531032162    6.3308124926
552 0    9.7008003908    2.8617276708    2.3388349533
553 0   10.1731009629    3.5930732368    8.2287780097
554 0    7.5116127770    1.9109383404    4.3491834372
555 0    6.2977285765    7.8378798909    0.8218689563
556 0    5.2110448370    5.0784271032    6.0553881844
557 0    4.0352602309    8.9377633935    8.3474392769
558 0    7.0946624450    1.8592725836    2.4548327335
559 0    6.2297280188    5.5356455563    9.2130982799
560 0    8.3576531199    7.3865084384    7.4785618829
561 0   10.3962016109    2.3156197396    1.5933746557
562 0    3.1941844064    8.6681890759    6.3516390503
563 0    0.2796401894   10.0146952233    2.5940439459
564 0    3.6216258025    1.8369239804    2.5325370043
565 0    5.9452383000    8.6554525992    9.9167203243
566 0    7.8475504605    4.3125330051    9.1986427387
567 0    4.4449700886    5.7395592490    6.6868874608
568 0    9.4581714485    7.3203739719   10.3167465494
569 0    7.8733745380    2.7436791512    6.7453026070
570 0    5.1235201920    3.1214305715   10.5938974612
571 0    2.6303343399    5.2251304246    8.2328424665
572 0    2.3859093177    0.5065967605    4.9853570543
573 0    2.7582226279    7.8556928850    2.5292470712
574 0    4.0174786035    1.4942304299    7.2850799786
575 0    2.5477562720    6.1758984292    8.5819200641
576 0    7.9315092468    5.7725430054    0.3899001436
577 0    5.5093006301    5.5965229220    7.8640886846
578 0    3.7271638618    2.4129987117    5.4425839554
579 0    3.3178672270    2.0582640452    0.9786388714
580 0    1.9945504666   10.1459162255    3.3061379535
581 0   10.1569483796    0.7366040979    9.2438511428
582 0    0.8883132927    2.5446084557   10.3715599526
583 0    6.9023187502    1.7590798421    7.3666341977
584 0    1.7961647669    8.1098518364    2.0263957370
585 0   10.5031155987    6.7044375505    8.1697252203
586 0    1.5040299627    4.8709495634    6.3024951964
587 0    5.8116734033   10.3882008904    5.3403853289
588 0    2.9681066631    9.7935873219    2.9516604136
589 0    6.0393365706    0.9104135403    7.7063107295
590 0    0.2956948013    3.2475643820    0.9615404130
591 0    9.2193790531    1.3458466997    4.7427623499
592 0    0.0645510135    1.7046918245    4.9422917233
593 0    0.6098263719    5.3455641634    9.6755899987
594 0    4.4471590073    2.1421377673    8.2177105818
595 0    4.9337170264    8.3259739409    2.2281693833
596 0    2.4567923087    5.5231775005    9.3279286441
597 0    9.4011219982    3.9143806869    6.2392056310
598 0    9.7338828239    4.5992305188    1.6255820434
599 0    6.8221605726    6.6862115729    2.0989236190
600 0    8.7211400100    9.9032709439    8.5614417339
601 0    1.7415124577   10.2172900920    8.2830390921
602 0    2.9002600176    7.1159707729    0.6897420509
603 0    9.5562363563   10.4524494316    9.1054347332
604 0    6.0010267053    8.4363806168    4.9306363112
605 0   10.2600160786   10.0102641867    3.4469747683
606 0    2.8888431508    3.3441905075    4.4165824742
607 0    2.0715116941    0.3864871154    0.4038670189
608 0    4.6758469241    4.1325946118    4.3526137431
609 0    4.4162683979   10.6131910640    7.1660797630
610 0    1.1430074645    1.8234075502    8.6493717397
611 0    6.7252624375    4.8893010767    1.5483923031
612 0    8.2231646711    9.3797192268    5.8401186394
613 0    8.6188853982    2.6348970716    7.7774995904
614 0    6.6001113155    0.4740839178    6.7479770921
615 0    1.6273896611    5.3621990181    8.2221910810
616 0    7.8965350408    1.5204150051   10.4018671342
617 0   10.3344275851    8.2198951638    5.7698902139
618 0    5.6058293301    9.6542150983   10.0657908986
619 0    9.4906012944    2.5791043368    4.9594956463
620 0    2.2155500753    6.1744832270    2.8581275917
621 0    9.5649189277    0.7527715134    1.6729357719
622 0    1.6388223015    8.2164998456    9.8450681575
623 0    7.9401172723    3.6510422303    5.8502526103
624 0    3.6391198597    2.1587894503    6.5385900726
625 0    1.7253652143    4.4505389585    2.7060591073
626 0    5.3383766837    9.3859615102    5.3360903121
627 0    4.8137339330    4.3084692425    8.9379512648
628 0    8.0693949564    0.0456908142    2.7654373015
629 0    0.5790477111    5.4057240837    4.9827822495
630 0    6.0938325957    0.7551530699    4.8502671133
631 0   10.1897287561    4.6440851464    6.7543884534
632 0    0.1241727207    2.7128241605    8.8285944139
633 0    2.1544018862    7.8573405277    1.0549978827
634 0   10.0628438102    4.1550562338    2.4533916060
635 0    3.5846755959   10.0991648671    4.7097524017
636 0    0.6869007584    6.4347859368    9.9537853717
637 0    2.8958239169    1.9368331101    9.3839282471
638 0    7.2605635030    0.5424301178    2.6675717086
639 0    4.4032918448    6.6605030569    6.2797089473
640 0    5.7088265107   10.5985403332    7.7353971361
641 0    3.6019186018    6.4478221437    9.5633028102
642 0    0.3553277509    2.0170735540    8.0041515176
643 0    5.1777790875   10.3634503575    8.9782198601
644 0    6.4404925865    9.7368698574    4.9176762473
645 0    5.4291115588    5.0904586068    8.7328959412
646 0    0.2737276737    2.9708105696    3.0342837402
647 0    7.9521383236    9.5186489219    8.0789728766
648 0    9.4846573420    1.2014205984    7.1548366344
649 0    1.7295791524    4.5110703803    7.5998345238
650 0    6.7566248068    8.1632163060    9.3688857293
651 0    1.4110254378    0.2293981432    3.0412761268
652 0    1.5881760034    7.1319959744    9.4352022006
653 0    2.7468668993    7.7405481026    9.6626471931
654 0   10.5309190994    3.6799670070    9.6807081098
655 0    3.6208147714   10.5938497697    0.5641657791
656 0    6.4535080359    6.7154290901    0.1805911877
657 0    5.9861542651    3.6086934224   10.1828256607
658 0   10.2476461122    8.4406421700   10.5285342131
659 0    8.5707743763    3.8757156048    1.2949496747
660 0    9.0514942439    3.5318274709    4.2369161080
661 0    9.6830879168    4.2764890494    3.5954661062
662 0    1.2581269618    6.3699526463    2.4311849780
663 0    4.6401375491    4.9319284039    4.9541256676
664 0    4.0380531065    1.4001808328    1.3668956268
665 0    0.6615644736    7.1719839491    2.4147420131
666 0    8.6446752127    7.7630828913    8.4063607215
667 0    2.9486521338    1.3604162486    6.9616053044
668 0    2.2256208879    2.3388037493    5.0201901690
669 0    6.4620872775    7.5209467630    5.0878477800
670 0    9.9289942356    0.6324558079    6.1426518809
671 0    2.4893497673    0.3575538005    2.4041139034
672 0    9.1422935989    4.7299914169    9.7839537222
673 0    1.1077478691    5.4069367767    0.0862840801
674 0    0.0116920886    0.8168904120    3.0880260949
675 0    1.2977795008    3.9819130290    3.5621018209
676 0    4.9242846463    1.3701015866    6.8630253719
677 0    3.7372343281    3.1473898930    6.3286231773
678 0    8.0265380027    5.1114475532    6.5701051750
679 0    4.3294070229    0.3204648619    4.1226125320
680 0    8.6550033588    2.4986233825    2.0300044896
681 0    0.8237277479    6.0981749133    8.0799948229
682 0    7.5616343401    7.3136721682    5.1950100509
683 0    8.3781636775    0.9064584677    6.5007501528
684 0    8.9047077434   10.1045717557   10.3700340929
685 0    6.7348021476    1.4925480772    5.6786268821
686 0    5.9062087972    0.5049409213    8.6712600895
687 0   10.4944721697    9.7936479435    8.9309327372
688 0    5.7579588434    3.5088401737    8.7357626334
689 0    3.5454939335    8.0354054266    8.8654745206
690 0    2.3415479677    9.9096655219    7.2753408676
691 0    2.5725059940    0.0662240791    9.2327854553
692 0    6.1691222717   10.0649637356    2.0942359059
693 0    0.2446649691    6.6510862944    1.5358191525
694 0    1.0008268175    9.3418815005    6.1374903459
695 0    0.2409662857    6.1713985740    9.1315939795
696 0    4.9863914052    7.3422529797    2.6617404427
697 0    8.4656387665    4.7751914111    5.4879009909
698 0    2.7646400075    2.8773269150    0.4489739241
699 0    4.1326491638    7.7292071319    1.7512461635
700 0    9.1233690744    9.5490653375    9.5548535543
701 0    6.2435075066    3.4162745748    7.8566828349
702 0    2.3865695744    7.8937018154   10.6832391872
703 0    4.8873550876    7.8702929715    3.8460246559
704 0   10.0339139582    0.8843756078    5.0519780102
705 0    7.6509199663    1.6584757162    6.3611046391
706 0    4.5711440134    0.2257565696    1.2286655503
707 0    9.9382911749    9.6180460583    2.3565043897
708 0   10.0469164309    7.1808895291    5.7827001214
709 0    9.9970801315    5.0062648912    0.0929235699
710 0    9.4506755144    2.7788194097    0.0529962142
711 0    7.3213413943    1.9451343266    9.4591012027
712 0    9.2260472277    1.8154816630    7.9466778550
713 0    7.5659659725    8.8538242742    1.3577418531
714 0    1.1585570596    5.8970245365    3.3559377043
715 0    8.6769182496    7.0604109116    2.1051203343
716 0    5.6842305664    2.8695753934    5.8244453930
717 0    6.9189977219    7.5277034089    2.6790951318
718 0    3.8275027016    7.5631541846    9.6585422045
719 0    8.1490775999    5.2811658171    9.4521308661
720 0    7.5133541058    2.7580693259    1.9636687977
721 0    6.0272937020    3.3469955324    2.6410777163
722 0    5.5490147195    0.3106454241    6.7361534328
723 0    8.4748711840    0.8132941976    1.0474607834
724 0    0.8998627002    8.8920383670    2.3290133498
725 0    2.6225629323    6.7490543723    9.7975476484
726 0    7.2932092005    9.6115849792    5.5454621869
727 0    5.3282743995    8.2240045568    7.0324107678
728 0    5.0434240158    1.2673130390    8.6773959278
729 0    3.9475589412    6.8175562908    2.9309319730
730 0    2.9703690228    1.5262637894    5.6169385514
731 0    3.9467359879    8.8782544073    1.5861401384
732 0    9.1891562930    8.3811566286    1.8637047235
733 0    9.1761799752    8.9731941635    5.7557973980
734 0    8.7425170598    4.6699236395    0.2379594971
735 0    0.5141966737    4.1062889412    2.4611539640
736 0    3.5139753465    0.3499052449    7.0961522416
737 0    1.0212137370    0.2663554407    0.4078326916
738 0    2.4676452301    8.9189572347    7.4743612919
739 0    0.5490529616    7.3525600281    0.8527777626
740 0    9.6591013996    9.6040553981    8.4018380136
741 0    1.3254065679    0.6665639716    6.4591331408
742 0    3.7108159431    7.8049242540    2.9964336490
743 0    2.3608769526    6.3045811354    1.0061487281
744 0    0.4523684607    7.6229376548    6.3785038695
745 0    2.9369148858    6.9001341943    2.7922230856
746 0    5.0802822021    5.9007760517    4.3193332237
747 0    3.7823634762    0.4800855203    5.0228053060
748 0    7.7768906111    8.7130016761    3.7133976491
749 0    3.0317845315    9.3506040475    5.5426471079
750 0    9.4736703621    0.8099342264    0.6354113714
751 0   10.3763916691    3.4976795539    5.9561535207
752 0    8.0010647344    6.2802917979    9.7801554014
753 0    8.5028067661    3.8806763051    9.8775077040
754 0    8.6626921754    5.6940808863    5.9540108248
755 0    8.6824467702    1.5238373499    2.6653373646
756 0    6.4897428504    9.3547266019   10.5376785027
757 0    0.6962558613    6.7415194755    7.2248278153
758 0    9.9656880888    7.4430378926    3.5237259324
759 0    5.7693323181    3.0716175570    1.6358843095
760 0    1.7105437524    2.2249852509    0.6072964595
761 0    3.5317693737    5.5619740514    4.9371093991
762 0    6.8643124271   10.5347692302    7.4695849044
763 0    5.7361980878    8.9484801282    0.3675514684
764 0   10.0275942523    6.7345556552    4.7785979487
765 0   10.3521446359    1.2773008881    2.2835651360
766 0    4.9048919309    6.3311461214    7.4963948202
767 0    8.2306707175    2.6073493893   10.5413162512
768 0   10.4892261146    2.0356395128    3.5406238121
769 0    0.6193751925    8.4752577057    5.7431320213
770 0    3.9170766850    3.7406923804    4.9622608647
771 0    2.7849840139    9.7778582979    1.0781736676
772 0    0.2662482722    9.6266455825    6.9351938712
773 0    6.2845632705    1.0685176432    2.8793358871
774 0    3.7383127195   10.0182683671    1.4231524454
775 0    7.7133251536    0.4993287128    3.5474018359
776 0    0.5936513538    7.3487686131    9.4620974189
777 0    4.5680732062    5.2000766161   10.3538705435
778 0    5.5062440557    1.6941309436    5.4332456924
779 0   10.5159915139    4.9512290608    5.5953242466
780 0   10.6334607316    4.7325672664    3.2807990377
781 0    2.5675173714    2.4531639482    2.6255567933
782 0   10.3313622925    5.8131042998    4.8791255786
783 0    0.3500574585    5.9450974326    6.9777760974
784 0    9.0625814961    0.1522062049    6.7315873232
785 0    5.9696291107    2.0859782025    7.1128596660
786 0    0.4083723692    1.0219474527    0.2032158034
787 0    2.8657328129   10.4372490823    5.5650851262
788 0    1.4911792886    2.4213367507    9.4917145367
789 0    7.5271826048    0.4934771907   10.1462884231
790 0    0.0751446942    8.5966580544    8.7033949690
791 0    7.9227510204    7.8187257540    9.1760188642
792 0    6.1639441847    7.4314634073   10.1233550266
793 0    9.9406603226   10.5391993564    7.4083618753
794 0    8.7752367074    3.2048825372    6.5922097673
795 0    1.9087231252    3.4373594453    6.3387831391
796 0    0.0202274940    5.1408480041    1.1104395335
797 0    0.8310274394    4.9270589896    3.7967638375
798 0    8.3042302283    8.3041960625    4.6185319986
799 0    4.7994017121    0.7827370057    7.7082218265
800 0    9.7385167607    1.9800568689    2.8967623057
801 0    7.8933838907    3.5061189052    3.1515761868
802 0    0.8999467196    8.0403861650    8.4996643132
803 0    3.8617636542   10.1441685465   10.3416224942
804 0    4.0957610347    3.7393312932    2.1754803629
805 0    4.9412108330    6.8711012732    1.7224355464
806 0    5.4891936040    9.2699059992    2.2527385465
807 0    8.8898616762    3.4988090813    5.4267122415
808 0    7.5953452056    0.9231498338    1.6457029234
809 0    4.8079387722    9.0043501390    7.3618805232
810 0   10.0220223114    5.3448819705    8.8449268347
811 0    9.4626489744    1.5726565682    5.7305298478
812 0   10.6983950582    7.5152739729    7.4199374298
813 0    5.4007967660    5.1484022836    9.8293430695
814 0    3.4770190789    5.6154249035    8.9309391864
815 0    2.4387810448    0.4722167058    1.3868029193
816 0    1.4213533118    0.2065757499    7.3980402187
817 0    3.5611781100    6.5926462194    4.9308715944
818 0    0.7805847355    8.2534557165    0.0060441617
819 0    8.8668298897    7.6812518961    5.3946315453
820 0    0.1817240530    1.0190194224    5.7802216540
821 0    6.6891568890    8.4199413540    8.0746822914
822 0   10.6236797026    7.4965430686    8.7411999988
823 0    7.9572041886    7.7621010508    3.4572422755
824 0    5.7546014869    1.4220698636    9.7322771292
825 0    4.2772667537    8.2886818621    6.4951487775
826 0    2.4301112601    2.8851012366    8.7567788701
827 0    3.8348030913    2.8140393712    7.7023688168
828 0    9.7658727254    6.6657616008    1.0558147035
829 0    5.0820654196    0.6380734047   10.3926776291
830 0   10.2518243471    0.2988842298   10.6249062650
831 0    9.4346773893    2.8095186858    8.7056318748
832 0    2.0135537273    6.8524477689    5.6066585226
833 0    9.0010030015    6.4246622956    4.2281211258
834 0    6.9636354786    6.4761277644    1.0284220859
835 0    2.1559969961    4.2447562587    4.3604067274
836 0    2.0810039830    1.0944855239    5.8176302136
837 0    9.3380429164    9.3761749048    0.1717134667
838 0    5.3258230223    7.2315090766    6.7067828402
839 0    6.3392638035    2.3356600876    2.0257660506
840 0    4.2060330295    3.5968274596    3.3610651878
841 0    7.4079490657    8.7988667435    7.2980199393
842 0    5.1452178377    6.4854620281    5.5635797447
843 0    0.2108382319    4.0205179981    4.0279011286
844 0   10.0890948442    9.1184686384    9.5394362047
845 0    1.8981087671    4.3624825147    1.6697229046
846 0    7.6477687257    4.5365658837    1.7276079995
847 0    6.6210500474    0.2107315663    3.3916524614
848 0    1.7398183917    8.5257037882    6.6475800490
849 0    7.1167273676    0.5008183995    5.8157654401
850 0    7.8264457993    9.3943856425    4.5280884443
851 0    9.9125282157    5.7272958775    2.6385571271
852 0    0.2719011454   10.5574202950    7.4977728506
853 0    4.4325215725    9.6293815469    4.2869378288
854 0    9.9357326370    8.1077674356    6.8595958976
855 0    6.7962076255    9.2902053252    1.8672245140
856 0    8.7030307995    8.8299972693    7.7489203808
857 0    7.4986356509    4.6981991212    7.6015603245
858 0    6.2008854822    8.9506028847    6.1803254634
859 0    4.1615153767    6.1875266978    1.5672251060
860 0    7.8438813768    0.0013252244    0.5945547109
861 0    3.5225292436    0.9800320266   10.0507367283
862 0    7.6222133390    0.8945088504    9.1093493268
863 0    4.7513332210    4.4313411388    0.7851514981
864 0    2.4971605594    4.5010745184    8.9550823608
865 0    1.5225940919    0.8526906740    3.9403932747
866 0    4.0321755040    4.9854187076    5.6943915134
867 0    3.0935244331    8.0637606877    7.8294290017
868 0   10.1083999097    2.0116593826    8.9752686029
869 0    1.5240589646    0.1743648198    1.9753078008
870 0    6.4219102736    6.4819482328    8.4951861183
871 0   10.3882450414    1.2126136243    4.1759677699
872 0    5.7630663956    4.0615526253    4.7264812138
873 0    5.0235353831    9.9976109617    1.3348517600
874 0    4.5043181726    1.0851070462    9.4420639324
875 0    4.2780574463    1.0142951765    0.3860078556
876 0    7.2009054732   10.2638210000    2.2870253822
877 0    4.1947954056    5.3371136310    0.9764992860
878 0    1.0074773560    9.1022967622    8.8160162336
879 0    7.3772464605   10.1983752634   10.1371461691
880 0    8.1729136032    7.3227660634    6.2093810810
881 0    9.7039425366    6.7628443063    2.4374817069
882 0    0.9208704265    5.8884654965    1.6367825261
883 0    9.8666715602    4.1866926206    5.3557879661
884 0    3.2820448548    8.7851184869    0.7930986735
885 0    8.5030813292    0.4449542839   10.5264159508
886 0    8.3933064090    0.6981224496    7.5239431139
887 0    5.4308508435    1.5870033048    0.2418034789
888 0    0.8520822412   10.4372493568    8.7587395844
889 0    7.9584555051    7.8069588653    2.3571691767
890 0    4.2802931830    6.8636239693    8.4509854514
891 0    3.5619069498    0.7971224909    2.7325848427
892 0    2.0800685736    9.0117213563    2.4781526272
893 0   10.2666095308    3.6110871570    7.1300080564
894 0    0.1816334033    9.2834469327    0.1458597257
895 0    7.2231569516    2.7485862849    7.4844131142
896 0    5.9127822325    9.8894445439    8.4561555223
897 0    7.0177499448    8.5982983972    5.1273065456
898 0    2.0098704496    2.5894148207    6.9752144772
899 0    8.3394213933    2.8907627218    3.8845699742
900 0    1.4139226238    6.1837337161    6.7136041445
901 0    6.9752480949    8.3369868517    3.3420462466
902 0    2.9872420658    9.6666315240    0.1096014404
903 0   10.0147136242    9.0070623488    7.4263743602
904 0    6.8360118582   10.1842060184    1.3482331278
905 0    3.1031235173    3.4341843573    1.2480722664
906 0    3.2770320664    6.0242163419    0.9096884481
907 0    3.1143283162    3.6714992257    9.1034523130
908 0    3.0463203604    1.6172791217    3.5370365022
909 0    3.5591686705   10.5701919622    9.1878222597
910 0    7.2746770563    6.8686759156    7.3417550879
911 0    9.0260341178    0.1559995966    4.7057090356
912 0    2.1968931939    5.1966396209    0.1325814940
913 0    0.6350381206    4.1741962324    5.5378345496
914 0    4.8609878226    8.8874268964    3.2073950722
915 0    2.7817127577    2.9554465115    9.7734890964
916 0    1.0318236455    4.8888346618    1.6623596045
917 0    6.6666602943    1.1612329349   10.3221582064
918 0    1.2295276514    7.0893500003    1.5127250269
919 0   10.0677928837   10.5766328880    4.7274085954
920 0    8.1398680301   10.2591212889    3.9491369943
921 0    2.1362855098    4.6091727277    5.4967066079
922 0    2.3295885327    8.2082586952    8.6260951913
923 0    6.8906208051    2.7473407171    2.8652769637
924 0    7.4714895425    1.8092844903    8.4151647649
925 0    7.6173458010    9.9984667724    9.0431564365
926 0    5.4331722007    6.0962079081    8.9018769087
927 0    4.8685394220    8.1937292718    8.4416683074
928 0    4.6909205530    6.8707775388    4.6822182106
929 0    8.6762459758    3.6081121610    8.4967475992
930 0   10.3230226012   -0.0068002055    1.9210924158
931 0   10.3975550356    8.7058284644    2.1287223005
932 0    6.6037640916    2.1379721479    8.3888766123
933 0    7.5871788612    5.4283932205    5.6441246786
934 0    5.7325978739    8.8163753679    3.8838826516
935 0    1.0972952515    7.9275973980    7.4053446162
936 0    8.3192360837    4.1920927136    6.6837665871
937 0    9.9193589165    8.7854401564    4.2782630571
938 0    0.3649584872    6.5758703208    5.2236698701
939 0    4.7282948659    2.3850837021    2.1848782690
940 0    5.2682444459    8.2724251130    5.7530057010
941 0    9.6641400999    3.7485246960    9.2203687579
942 0    6.1817660826    3.9346758713    6.1958733059
943 0    9.5010073380    7.7116463089    4.4031175228
944 0    1.3524718988    9.8049443603    2.5468828945
945 0    0.0897726815    2.8898097476    4.0392477121
946 0    4.2008965673    4.3834212503    9.7568446450
947 0    9.0213007976    6.2133272534    2.9989492755
948 0    3.6917961586    4.4095917117    4.1623795033
949 0    7.5301346980    0.8780934102    7.0985693992
950 0    7.3257084558    8.8629049923    6.2001029149
951 0    2.1864417316    9.2563163968    6.1232313289
952 0    8.3856124071    1.5939708138    1.6638567642
953 0    5.1516636352    5.1087625931    1.5217769543
954 0    9.9031784268    6.4784437467    3.7180095839
955 0    0.1981320274    3.2061190511    2.1071146445
956 0   10.5907795904    5.8004136565    3.3770986009
957 0    6.6516119161    9.6176735540    7.2399269224
958 0    6.5799405246    1.5673750368    1.2324830356
959 0    7.2677035291    7.1501660698    9.7274421850
960 0   10.4046533263    2.3035817177    0.4417073497
961 0    9.0055924739    0.6803029254    5.5996858789
962 0    9.2040774963    5.3387785241    7.8851936889
963 0    6.1141595124    5.9365638991    4.2532155310
964 0    5.0999693626    7.9096454221    1.0805837405
965 0    4.8829661884    9.7245568061    8.0687561162
966 0    9.1773691466    7.5396166030    6.3764682250
967 0    2.0841436814    5.4281993096    7.1470616344
968 0    3.4217079319    6.9067911150   10.3897044169
969 0    0.3632620600    9.5065853419    1.4298560734
970 0    5.8025278029    8.9072751612    7.7690942046
971 0    3.8436714005   10.4272445556    6.1494494591
972 0    9.1010728798    1.8174274740    9.0672561460
973 0    3.3790276759    7.4692190851    5.4417544253
974 0    0.6105484609    1.9307643945    0.8214505450
975 0    5.9194442262    2.5884060129    9.1053186639
976 0    2.5096060742    8.7071806305    1.4429352884
977 0   10.2108997496    9.9069553516   10.1176304368
978 0    1.1620266286    8.5746296612    3.9887731314
979 0    1.7666051204    3.2030821503    4.4122045498
980 0   10.5247467225    1.0255558893    7.3350720881
981 0    5.7505565400    2.5961272137    8.0613078172
982 0    9.5628119504    2.0094674553    0.9094417752
983 0    8.5346695016    5.2115470265    0.9883211663
984 0    3.2059624077    7.7554840972    3.8981597167
985 0    4.8879727188    9.9095321467    0.2938525155
986 0    2.4000030605    2.0246864941    6.2332053958
987 0    3.3407574706    7.2383273965    6.6341532517
988 0    6.9994683702    2.1892065600    0.2793330453
989 0    4.4812704234    4.5787316426    2.9735156574
990 0    0.4219737882    0.5624512134    4.7107848070
991 0    2.6755578547    1.3325220999    8.0913644632
992 0    2.3302139323    1.3937626855    0.8906640227
993 0    4.8554403042    3.5941228489    5.6387389037
994 0    6.6849724205    3.9174472776    1.0879038907
995 0    9.8533322694    9.5756406371    1.2126404000
996 0    7.0633515679    6.1790913224    9.4056913852
997 0    9.2793856710    3.4728455937    7.5955240295
998 0    5.7187974595    3.1636879605    3.6586549332
999 0    3.8728767325    2.8126328391    3.9895003436
1000 0    6.6386588236    5.9782881617    2.9228380106
1001 0    9.7194427736    8.1714068413    2.7756945056
1002 0    2.8443531349    0.3354782488    8.2440286511
1003 0    0.9121311343    5.1734666639    7.3437124410
1004 0    4.3155844927    9.6883738235    2.2188054507
1005 0    1.4195879039    2.1881711222    6.0722566890
1006 0    6.3161891196    8.5020144143    2.3768928223
1007 0    7.8687926293    8.2215538625    5.7195693388
1008 0    8.9885196651    7.5398314178    9.3694304851
1009 0    0.1480123978    9.4935010268    7.9944361118
1010 0    5.3910424814    9.9124414583    4.4490309970
1011 0    9.1991664922    4.6167570280    4.5032384619
1012 0    2.9985326415    3.5785938637    2.2519996765
1013 0    4.2042611234    9.6614440239    9.0137005570
1014 0    5.9324443616    7.6468708107    4.0340959692
1015 0    2.6465531108    3.0460149703    5.8474465579
1016 0    3.8248448844    4.9894242257    7.7054023289
1017 0    0.5437160461    3.3744247831    4.8505806145
1018 0    6.7210699999    8.9848677921    4.3059948239
1019 0    3.1276750925    2.0478528898   10.4231933516
1020 0    4.9231152783    2.3129072470    9.0321465908
1021 0    5.1187973235    2.2149979558   10.0153781982
1022 0    6.5463630104    4.6081281306    4.7270956152
1023 0    4.6238689116    1.9664518720    4.8812885232
